7.015625000000000000e+01
1.122812500000000000e+02
6.921875000000000000e+01
1.280312500000000000e+02
6.921875000000000000e+01
1.477187500000000000e+02
7.109375000000000000e+01
1.660937500000000000e+02
7.765625000000000000e+01
1.805312500000000000e+02
8.703125000000000000e+01
1.923437500000000000e+02
9.734375000000000000e+01
2.028437500000000000e+02
1.104687500000000000e+02
2.107187500000000000e+02
1.235937500000000000e+02
2.107187500000000000e+02
1.367187500000000000e+02
2.107187500000000000e+02
1.479687500000000000e+02
2.041562500000000000e+02
1.573437500000000000e+02
1.962812500000000000e+02
1.676562500000000000e+02
1.870937500000000000e+02
1.742187500000000000e+02
1.752812500000000000e+02
1.798437500000000000e+02
1.595312500000000000e+02
1.817187500000000000e+02
1.437812500000000000e+02
1.817187500000000000e+02
1.267187500000000000e+02
7.671875000000000000e+01
1.030937500000000000e+02
8.609375000000000000e+01
9.718750000000000000e+01
9.734375000000000000e+01
9.850000000000000000e+01
1.095312500000000000e+02
1.017812500000000000e+02
1.193750000000000000e+02
1.057187500000000000e+02
1.432812500000000000e+02
1.083437500000000000e+02
1.531250000000000000e+02
1.057187500000000000e+02
1.629687500000000000e+02
1.050625000000000000e+02
1.714062500000000000e+02
1.057187500000000000e+02
1.798437500000000000e+02
1.109687500000000000e+02
1.301562500000000000e+02
1.214687500000000000e+02
1.301562500000000000e+02
1.332812500000000000e+02
1.292187500000000000e+02
1.437812500000000000e+02
1.292187500000000000e+02
1.542812500000000000e+02
1.151562500000000000e+02
1.608437500000000000e+02
1.207812500000000000e+02
1.634687500000000000e+02
1.273437500000000000e+02
1.647812500000000000e+02
1.339062500000000000e+02
1.647812500000000000e+02
1.404687500000000000e+02
1.634687500000000000e+02
8.609375000000000000e+01
1.175312500000000000e+02
9.265625000000000000e+01
1.135937500000000000e+02
1.067187500000000000e+02
1.162187500000000000e+02
1.123437500000000000e+02
1.240937500000000000e+02
1.067187500000000000e+02
1.240937500000000000e+02
9.171875000000000000e+01
1.214687500000000000e+02
1.460937500000000000e+02
1.267187500000000000e+02
1.507812500000000000e+02
1.201562500000000000e+02
1.648437500000000000e+02
1.214687500000000000e+02
1.695312500000000000e+02
1.254062500000000000e+02
1.639062500000000000e+02
1.280312500000000000e+02
1.517187500000000000e+02
1.280312500000000000e+02
9.828125000000000000e+01
1.726562500000000000e+02
1.104687500000000000e+02
1.726562500000000000e+02
1.226562500000000000e+02
1.726562500000000000e+02
1.264062500000000000e+02
1.739687500000000000e+02
1.301562500000000000e+02
1.739687500000000000e+02
1.395312500000000000e+02
1.765937500000000000e+02
1.489062500000000000e+02
1.779062500000000000e+02
1.414062500000000000e+02
1.844687500000000000e+02
1.339062500000000000e+02
1.884062500000000000e+02
1.254687500000000000e+02
1.897187500000000000e+02
1.160937500000000000e+02
1.870937500000000000e+02
1.067187500000000000e+02
1.818437500000000000e+02
1.001562500000000000e+02
1.726562500000000000e+02
1.132812500000000000e+02
1.779062500000000000e+02
1.264062500000000000e+02
1.805312500000000000e+02
1.367187500000000000e+02
1.805312500000000000e+02
1.470312500000000000e+02
1.779062500000000000e+02
1.367187500000000000e+02
1.805312500000000000e+02
1.264062500000000000e+02
1.805312500000000000e+02
1.123437500000000000e+02
1.779062500000000000e+02
