6.345703125000000000e+01
1.229648437500000000e+02
6.345703125000000000e+01
1.441757812500000000e+02
6.444921875000000000e+01
1.639726562500000000e+02
7.040234375000000000e+01
1.837695312500000000e+02
7.933203125000000000e+01
1.964960937500000000e+02
9.223046875000000000e+01
2.063945312500000000e+02
1.051289062500000000e+02
2.120507812500000000e+02
1.210039062500000000e+02
2.134648437500000000e+02
1.339023437500000000e+02
2.134648437500000000e+02
1.458085937500000000e+02
2.120507812500000000e+02
1.567226562500000000e+02
2.035664062500000000e+02
1.656523437500000000e+02
1.950820312500000000e+02
1.735898437500000000e+02
1.809414062500000000e+02
1.795429687500000000e+02
1.653867187500000000e+02
1.815273437500000000e+02
1.498320312500000000e+02
1.815273437500000000e+02
1.314492187500000000e+02
1.815273437500000000e+02
1.130664062500000000e+02
7.337890625000000000e+01
1.088242187500000000e+02
8.230859375000000000e+01
1.010468750000000000e+02
9.371875000000000000e+01
1.017539062500000000e+02
1.056250000000000000e+02
1.038750000000000000e+02
1.160429687500000000e+02
1.052890625000000000e+02
1.408476562500000000e+02
1.038750000000000000e+02
1.507695312500000000e+02
1.003398437500000000e+02
1.601953125000000000e+02
9.680468750000000000e+01
1.696210937500000000e+02
9.680468750000000000e+01
1.785507812500000000e+02
1.031679687500000000e+02
1.309257812500000000e+02
1.201367187500000000e+02
1.319179687500000000e+02
1.314492187500000000e+02
1.329101562500000000e+02
1.427617187500000000e+02
1.339023437500000000e+02
1.540742187500000000e+02
1.180273437500000000e+02
1.639726562500000000e+02
1.259648437500000000e+02
1.639726562500000000e+02
1.329101562500000000e+02
1.653867187500000000e+02
1.388632812500000000e+02
1.639726562500000000e+02
1.458085937500000000e+02
1.625585937500000000e+02
8.429296875000000000e+01
1.243789062500000000e+02
9.024609375000000000e+01
1.187226562500000000e+02
1.061210937500000000e+02
1.187226562500000000e+02
1.110820312500000000e+02
1.257929687500000000e+02
1.051289062500000000e+02
1.286210937500000000e+02
9.123828125000000000e+01
1.272070312500000000e+02
1.448164062500000000e+02
1.229648437500000000e+02
1.507695312500000000e+02
1.158945312500000000e+02
1.646601562500000000e+02
1.130664062500000000e+02
1.706132812500000000e+02
1.173085937500000000e+02
1.656523437500000000e+02
1.215507812500000000e+02
1.527539062500000000e+02
1.243789062500000000e+02
1.061210937500000000e+02
1.851835937500000000e+02
1.170351562500000000e+02
1.809414062500000000e+02
1.289414062500000000e+02
1.766992187500000000e+02
1.329101562500000000e+02
1.766992187500000000e+02
1.368789062500000000e+02
1.752851562500000000e+02
1.458085937500000000e+02
1.766992187500000000e+02
1.537460937500000000e+02
1.823554687500000000e+02
1.477929687500000000e+02
1.880117187500000000e+02
1.408476562500000000e+02
1.936679687500000000e+02
1.339023437500000000e+02
1.964960937500000000e+02
1.239804687500000000e+02
1.950820312500000000e+02
1.150507812500000000e+02
1.908398437500000000e+02
1.081054687500000000e+02
1.865976562500000000e+02
1.210039062500000000e+02
1.851835937500000000e+02
1.339023437500000000e+02
1.837695312500000000e+02
1.428320312500000000e+02
1.823554687500000000e+02
1.517617187500000000e+02
1.823554687500000000e+02
1.428320312500000000e+02
1.823554687500000000e+02
1.339023437500000000e+02
1.837695312500000000e+02
1.200117187500000000e+02
1.851835937500000000e+02
