7.825390625000000000e+01
1.060585937500000000e+02
7.825390625000000000e+01
1.197304687500000000e+02
7.825390625000000000e+01
1.343789062500000000e+02
8.212109375000000000e+01
1.490273437500000000e+02
9.062890625000000000e+01
1.568398437500000000e+02
1.006835937500000000e+02
1.636757812500000000e+02
1.107382812500000000e+02
1.675820312500000000e+02
1.231132812500000000e+02
1.685585937500000000e+02
1.331679687500000000e+02
1.685585937500000000e+02
1.424492187500000000e+02
1.675820312500000000e+02
1.509570312500000000e+02
1.617226562500000000e+02
1.586914062500000000e+02
1.558632812500000000e+02
1.656523437500000000e+02
1.470742187500000000e+02
1.695195312500000000e+02
1.363320312500000000e+02
1.702929687500000000e+02
1.236367187500000000e+02
1.702929687500000000e+02
1.128945312500000000e+02
1.702929687500000000e+02
1.001992187500000000e+02
8.444140625000000000e+01
9.629296875000000000e+01
9.178906250000000000e+01
9.092187500000000000e+01
1.006835937500000000e+02
9.189843750000000000e+01
1.111250000000000000e+02
9.287500000000000000e+01
1.192460937500000000e+02
9.433984375000000000e+01
1.389687500000000000e+02
9.336328125000000000e+01
1.467031250000000000e+02
9.043359375000000000e+01
1.544375000000000000e+02
8.848046875000000000e+01
1.621718750000000000e+02
8.799218750000000000e+01
1.695195312500000000e+02
9.336328125000000000e+01
1.308476562500000000e+02
1.041054687500000000e+02
1.316210937500000000e+02
1.119179687500000000e+02
1.323945312500000000e+02
1.187539062500000000e+02
1.331679687500000000e+02
1.265664062500000000e+02
1.207929687500000000e+02
1.343789062500000000e+02
1.262070312500000000e+02
1.343789062500000000e+02
1.331679687500000000e+02
1.353554687500000000e+02
1.378085937500000000e+02
1.334023437500000000e+02
1.432226562500000000e+02
1.324257812500000000e+02
9.294921875000000000e+01
1.070351562500000000e+02
9.836328125000000000e+01
1.031289062500000000e+02
1.107382812500000000e+02
1.031289062500000000e+02
1.146054687500000000e+02
1.080117187500000000e+02
1.099648437500000000e+02
1.099648437500000000e+02
9.836328125000000000e+01
1.089882812500000000e+02
1.424492187500000000e+02
1.060585937500000000e+02
1.470898437500000000e+02
1.011757812500000000e+02
1.586914062500000000e+02
9.922265625000000000e+01
1.625585937500000000e+02
1.021523437500000000e+02
1.586914062500000000e+02
1.050820312500000000e+02
1.486367187500000000e+02
1.070351562500000000e+02
1.107382812500000000e+02
1.490273437500000000e+02
1.200195312500000000e+02
1.460976562500000000e+02
1.293007812500000000e+02
1.421914062500000000e+02
1.323945312500000000e+02
1.421914062500000000e+02
1.362617187500000000e+02
1.421914062500000000e+02
1.424492187500000000e+02
1.431679687500000000e+02
1.494101562500000000e+02
1.460976562500000000e+02
1.439960937500000000e+02
1.509804687500000000e+02
1.393554687500000000e+02
1.539101562500000000e+02
1.331679687500000000e+02
1.558632812500000000e+02
1.254335937500000000e+02
1.548867187500000000e+02
1.176992187500000000e+02
1.529335937500000000e+02
1.115117187500000000e+02
1.490273437500000000e+02
1.223398437500000000e+02
1.480507812500000000e+02
1.331679687500000000e+02
1.480507812500000000e+02
1.401289062500000000e+02
1.470742187500000000e+02
1.478632812500000000e+02
1.470742187500000000e+02
1.401289062500000000e+02
1.470742187500000000e+02
1.331679687500000000e+02
1.480507812500000000e+02
1.223398437500000000e+02
1.490273437500000000e+02
