8.486718750000000000e+01
9.847656250000000000e+01
8.416406250000000000e+01
1.095390625000000000e+02
8.416406250000000000e+01
1.224453125000000000e+02
8.486718750000000000e+01
1.353515625000000000e+02
9.049218750000000000e+01
1.454921875000000000e+02
9.752343750000000000e+01
1.537890625000000000e+02
1.059609375000000000e+02
1.611640625000000000e+02
1.151015625000000000e+02
1.666953125000000000e+02
1.249453125000000000e+02
1.666953125000000000e+02
1.340859375000000000e+02
1.666953125000000000e+02
1.425234375000000000e+02
1.620859375000000000e+02
1.495546875000000000e+02
1.565546875000000000e+02
1.572890625000000000e+02
1.501015625000000000e+02
1.629140625000000000e+02
1.418046875000000000e+02
1.671328125000000000e+02
1.307421875000000000e+02
1.685390625000000000e+02
1.196796875000000000e+02
1.685390625000000000e+02
1.076953125000000000e+02
8.908593750000000000e+01
9.202343750000000000e+01
9.646875000000000000e+01
8.787500000000000000e+01
1.049062500000000000e+02
8.879687500000000000e+01
1.136953125000000000e+02
9.064062500000000000e+01
1.214296875000000000e+02
9.340625000000000000e+01
1.397109375000000000e+02
9.525000000000000000e+01
1.470937500000000000e+02
9.386718750000000000e+01
1.537734375000000000e+02
9.340625000000000000e+01
1.608046875000000000e+02
9.340625000000000000e+01
1.671328125000000000e+02
9.755468750000000000e+01
1.298671875000000000e+02
1.049296875000000000e+02
1.291640625000000000e+02
1.123046875000000000e+02
1.291640625000000000e+02
1.196796875000000000e+02
1.291640625000000000e+02
1.270546875000000000e+02
1.186171875000000000e+02
1.316640625000000000e+02
1.228359375000000000e+02
1.335078125000000000e+02
1.277578125000000000e+02
1.344296875000000000e+02
1.326796875000000000e+02
1.335078125000000000e+02
1.368984375000000000e+02
1.325859375000000000e+02
9.682031250000000000e+01
1.021640625000000000e+02
1.010390625000000000e+02
9.847656250000000000e+01
1.122890625000000000e+02
1.012421875000000000e+02
1.165078125000000000e+02
1.058515625000000000e+02
1.115859375000000000e+02
1.058515625000000000e+02
1.010390625000000000e+02
1.040078125000000000e+02
1.411171875000000000e+02
1.076953125000000000e+02
1.453359375000000000e+02
1.040078125000000000e+02
1.558828125000000000e+02
1.040078125000000000e+02
1.593984375000000000e+02
1.076953125000000000e+02
1.551796875000000000e+02
1.086171875000000000e+02
1.460390625000000000e+02
1.086171875000000000e+02
1.059609375000000000e+02
1.390390625000000000e+02
1.143984375000000000e+02
1.399609375000000000e+02
1.242421875000000000e+02
1.399609375000000000e+02
1.270546875000000000e+02
1.399609375000000000e+02
1.298671875000000000e+02
1.408828125000000000e+02
1.368984375000000000e+02
1.418046875000000000e+02
1.439296875000000000e+02
1.427265625000000000e+02
1.383046875000000000e+02
1.473359375000000000e+02
1.326796875000000000e+02
1.501015625000000000e+02
1.263515625000000000e+02
1.510234375000000000e+02
1.186171875000000000e+02
1.501015625000000000e+02
1.122890625000000000e+02
1.464140625000000000e+02
1.073671875000000000e+02
1.399609375000000000e+02
1.165078125000000000e+02
1.436484375000000000e+02
1.270546875000000000e+02
1.445703125000000000e+02
1.347890625000000000e+02
1.445703125000000000e+02
1.425234375000000000e+02
1.436484375000000000e+02
1.347890625000000000e+02
1.445703125000000000e+02
1.270546875000000000e+02
1.454921875000000000e+02
1.165078125000000000e+02
1.436484375000000000e+02
